14 0.5396166666666666 0.2375 0.18834166666666666 0.16944166666666668
14 0.33131666666666665 0.2625 0.199525 0.18610833333333335
14 0.609325 0.165275 0.1655333333333333 0.147225
14 0.7493 0.28055833333333335 0.174375 0.172225
14 0.685975 0.3575083333333333 0.20329166666666665 0.19834166666666667
14 0.6870833333333334 0.545 0.19883333333333333 0.20556666666666668
14 0.46962499999999996 0.5163916666666666 0.23725 0.20388333333333333
14 0.262725 0.46472499999999994 0.19454166666666667 0.20388333333333333
14 0.14663333333333334 0.4275 0.141275 0.16722499999999998
14 0.17995833333333333 0.6138916666666666 0.15792499999999998 0.18333333333333332
14 0.39797499999999997 0.640275 0.1995 0.175
14 0.5423916666666667 0.729725 0.17723333333333333 0.21500833333333333
14 0.7209666666666666 0.6775 0.17883333333333332 0.18277500000000002
14 0.34021666666666667 0.7611083333333334 0.19506666666666667 0.16110833333333335
14 0.4729583333333333 0.3958333333333333 0.199475 0.11944166666666668
14 0.41594166666666665 0.16465000000000002 0.16020833333333334 0.1243
14 0.772575 0.47699166666666665 0.14015 0.16980833333333334
14 0.23220833333333332 0.26758333333333334 0.11774166666666666 0.1718333333333333