14 0.40796 0.21276276276276274 0.1323 0.15642642642642643
14 0.56648 0.1674774774774775 0.14798 0.137987987987988
14 0.5662 0.3377177177177177 0.15278 0.18213213213213214
14 0.82404 0.37696696696696697 0.16176 0.19657657657657657
14 0.8650800000000001 0.6142942942942943 0.21187999999999999 0.2507807807807808
14 0.69978 0.6685585585585585 0.16926 0.22240240240240242
14 0.53554 0.547987987987988 0.17146 0.24234234234234234
14 0.36438 0.6032732732732732 0.16618 0.20873873873873874
14 0.21813999999999997 0.49954954954954955 0.1729 0.20468468468468468
14 0.22852 0.7392192192192192 0.17554 0.24444444444444446
14 0.50262 0.7636936936936937 0.18825999999999998 0.24366366366366365
14 0.65378 0.8724324324324324 0.1866 0.2120720720720721
14 0.8155 0.8203303303303304 0.15962 0.18483483483483482
14 0.50462 0.9494894894894895 0.1736 0.08996996996996998
14 0.35504 0.866006006006006 0.1891 0.2184984984984985
14 0.27226 0.3164864864864865 0.17554 0.1829129129129129
14 0.6805800000000001 0.45927927927927925 0.1522 0.189009009009009
14 0.4105 0.39660660660660657 0.17202 0.2118018018018018