14 0.50885 0.22703333333333334 0.22905 0.2532333333333333
14 0.28875 0.6796 0.254 0.3156333333333333
14 0.81175 0.5619999999999999 0.26405 0.3027
14 0.47165 0.5025666666666667 0.21885000000000002 0.24616666666666664
14 0.7294750000000001 0.3305666666666667 0.24775 0.26449999999999996
14 0.31337499999999996 0.37416666666666665 0.20879999999999999 0.26986666666666664
14 0.143825 0.4679333333333333 0.19394999999999998 0.27436666666666665
14 0.24285 0.2384666666666667 0.126625 0.19486666666666666
14 0.37755000000000005 0.12763333333333332 0.17254999999999998 0.19090000000000001
14 0.6274000000000001 0.14216666666666666 0.1573 0.16693333333333332
14 0.5596 0.7924666666666667 0.3248 0.39243333333333336