14 0.38925531914893613 0.39406201550387593 0.1802127659574468 0.08010852713178294
14 0.30061702127659573 0.4883720930232558 0.1944468085106383 0.14469767441860465
14 0.42293617021276597 0.562015503875969 0.18374468085106382 0.1369457364341085
14 0.605531914893617 0.5503875968992248 0.20140425531914893 0.14469767441860465
14 0.47789361702127664 0.4431472868217054 0.20853191489361703 0.14728682170542637
14 0.6817659574468086 0.4677054263565892 0.17655319148936172 0.11886821705426356
14 0.5576595744680851 0.3953488372093023 0.17661702127659576 0.11368992248062015
14 0.6628723404255319 0.04382945736434109 0.1278936170212766 0.08767441860465115
14 0.7995744680851065 0.04945736434108527 0.15659574468085105 0.09813953488372093
14 0.7716382978723405 0.1269922480620155 0.1273404255319149 0.08265116279069767
14 0.9405106382978724 0.0322015503875969 0.10870212765957447 0.0644031007751938