14 0.3502055622732769 0.340520059435364 0.23141475211608223 0.23526002971768203
14 0.4549818621523579 0.5695839524517088 0.2595767835550181 0.3516641901931649
14 0.6907255139056833 0.6674145616641902 0.2514389359129383 0.2649777117384844
14 0.27866989117291413 0.787518573551263 0.3100241837968561 0.31203566121842496
14 0.175912938331318 0.44947994056463597 0.2617049576783555 0.22536404160475482
14 0.06071342200725514 0.5980683506686478 0.12142684401451027 0.25011887072808325
14 0.7411003627569528 0.3343239227340267 0.2433615477629988 0.18325408618127786
14 0.8188270858524788 0.49313521545319466 0.2617412333736397 0.3222882615156018
14 0.6081257557436518 0.47053491827637445 0.20713422007255142 0.17335809806835067
14 0.506372430471584 0.28851411589895987 0.20112454655380896 0.20554234769687965
14 0.7805441354292624 0.18930163447251117 0.21915356711003628 0.240222882615156
14 0.6223700120918985 0.09286775631500743 0.1809310761789601 0.18573551263001487
14 0.35927448609431684 0.1201040118870728 0.24551390568319226 0.22040118870728084
14 0.12178960096735188 0.09286775631500743 0.24357920193470375 0.18573551263001487
14 0.10083434099153567 0.3160772659732541 0.2016565900846433 0.20276374442793463
14 0.9427206771463119 0.1188707280832095 0.11454655380894802 0.237741456166419
14 0.7844256348246675 0.057132243684992576 0.22519951632406288 0.11426448736998515
14 0.8852841596130593 0.8110401188707281 0.22941958887545344 0.22040118870728084
14 0.42490931076178956 0.07552748885586924 0.2248609431680774 0.1411589895988113
14 0.7572309552599759 0.9185289747399702 0.21916565900846433 0.16295690936106985
14 0.5103869407496977 0.9371025260029717 0.2817291414752116 0.12580980683506687
14 0.9245828295042322 0.3553789004457652 0.15082224909310762 0.16592867756315008
14 0.5948246674727933 0.24674591381872216 0.1628657799274486 0.1784695393759287
14 0.9363482466747279 0.9608320950965824 0.1273155985489722 0.07832095096582467
14 0.6198669891172914 0.8258841010401189 0.19015719467956468 0.13108469539375928
14 0.08389359129383313 0.8496731054977712 0.16778718258766626 0.19563150074294205
14 0.2162031438935913 0.9608320950965824 0.24859733978234583 0.07832095096582467