14 0.42817 0.47607421875 0.17455 0.1611328125
14 0.20196 0.537109375 0.17712999999999998 0.1904296875
14 0.35193 0.638427734375 0.19207 0.16845703125
14 0.5394 0.6201171875 0.167 0.1708984375
14 0.65188 0.418701171875 0.15696000000000002 0.15380859375
14 0.73127 0.618095703125 0.16975 0.17681640625
14 0.62628 0.761083984375 0.18775999999999998 0.18154296875
14 0.4243 0.8351171875 0.1918 0.161640625
14 0.29831 0.733154296875 0.15582 0.153017578125
14 0.34231 0.38876953125 0.16381 0.163466796875
14 0.5136900000000001 0.454013671875 0.12819 0.148642578125
14 0.50049 0.3030078125 0.18018 0.159931640625
14 0.6152799999999999 0.5743359375 0.14577 0.151806640625
14 0.4665 0.73001953125 0.13619 0.106142578125