14 0.2973645833333334 0.3645833333333333 0.22541666666666668 0.21065277777777777
14 0.5377604166666666 0.4112777777777778 0.24789583333333332 0.3168611111111111
14 0.7399895833333333 0.4212916666666666 0.18012499999999998 0.2777777777777778
14 0.81115625 0.6504583333333334 0.21133333333333332 0.2638888888888889
14 0.5811562499999999 0.6330972222222222 0.23052083333333334 0.2013888888888889
14 0.7113541666666666 0.79425 0.18186458333333333 0.19498611111111108
14 0.5151979166666666 0.7993611111111111 0.24442708333333335 0.20520833333333333
14 0.2938854166666667 0.7483472222222222 0.24277083333333332 0.2559444444444444
14 0.31495833333333334 0.5025000000000001 0.24539583333333334 0.2780138888888889
14 0.19458333333333336 0.6429861111111111 0.11953125 0.18756944444444446
14 0.8138854166666667 0.47073611111111113 0.08551041666666667 0.151