14 0.33166249999999997 0.18273584905660376 0.112325 0.2003867924528302
14 0.25748750000000004 0.3231132075471698 0.13884375000000002 0.19339622641509435
14 0.2223375 0.49528301886792453 0.121675 0.16981132075471697
14 0.24798749999999997 0.6727830188679245 0.154225 0.1921698113207547
14 0.34184375 0.482311320754717 0.12631875 0.18160377358490565
14 0.47229374999999996 0.5778301886792453 0.10908125 0.14622641509433962
14 0.42698125 0.382122641509434 0.14034375000000002 0.2123679245283019
14 0.43870624999999996 0.1875 0.11378125 0.18632075471698112
14 0.5215 0.09080188679245282 0.12 0.17688679245283018
14 0.637725 0.11581132075471699 0.12170624999999999 0.18160377358490565
14 0.7323999999999999 0.2099056603773585 0.12616875 0.2028301886792453
14 0.524625 0.27514150943396226 0.123125 0.19180188679245283
14 0.55486875 0.5003301886792453 0.14810625 0.20047169811320756
14 0.6956874999999999 0.46462264150943394 0.1215 0.2028301886792453
14 0.633975 0.2936320754716981 0.13245625 0.20047169811320756
14 0.80288125 0.3794811320754717 0.12264375 0.17971698113207546
14 0.800975 0.5535849056603773 0.14145625 0.1920754716981132
14 0.658975 0.6426886792452831 0.13869375 0.18160377358490565
14 0.7757 0.7214622641509434 0.13640625 0.1938679245283019
14 0.6902124999999999 0.8561320754716981 0.14805625 0.19339622641509435
14 0.45510625 0.9038207547169811 0.1215875 0.19235849056603774
14 0.3348125 0.8384433962264151 0.13100625000000002 0.21462264150943397
14 0.38793125000000006 0.6639150943396226 0.14348125 0.2099056603773585
14 0.541675 0.7412735849056604 0.14785625 0.2214245283018868
14 0.580675 0.9145283018867925 0.13185 0.17094339622641508