14 0.4791188524590164 0.4871694915254237 0.27108606557377046 0.21791525423728814
14 0.23559426229508196 0.565864406779661 0.2524385245901639 0.1961186440677966
14 0.4723770491803279 0.671677966101695 0.2517827868852459 0.2285762711864407
14 0.3152049180327869 0.8491525423728814 0.3273360655737705 0.24938983050847455
14 0.12004098360655738 0.7335423728813559 0.24008196721311476 0.2409152542372881
14 0.6553073770491804 0.807271186440678 0.2605122950819672 0.24794915254237287
14 0.6863524590163934 0.6096779661016949 0.14692622950819673 0.20145762711864407
14 0.30700819672131147 0.4154915254237288 0.20793032786885246 0.11332203389830509
14 0.13579918032786883 0.48401694915254234 0.12895491803278689 0.11574576271186442
14 0.7999180327868852 0.6367966101694915 0.06961065573770492 0.13947457627118645
14 0.05823770491803279 0.5813559322033899 0.11084016393442624 0.09152542372881356