12 0.11484641638225256 0.7177097203728362 0.22505119453924913 0.5193075898801598
12 0.2709641638225256 0.8275632490013316 0.16868600682593857 0.3448735019973369
12 0.8032081911262798 0.8195739014647138 0.3935836177474403 0.3608521970705726
12 0.08980375426621161 0.5086551264980027 0.17960750853242322 0.2609853528628495
12 0.2777901023890785 0.5752330226364847 0.18233788395904435 0.3355525965379494
12 0.43645904436860067 0.5605858854860186 0.2198122866894198 0.322237017310253
12 0.6215784982935154 0.5712383488681758 0.17709044368600685 0.35419440745672437
12 0.8364846416382252 0.5818908122503329 0.32703071672354944 0.41278295605858856
12 0.1319112627986348 0.35419440745672437 0.2148037542662116 0.20239680426098536
12 0.28973549488054606 0.3129161118508655 0.172098976109215 0.19973368841544606
12 0.49616894197952216 0.2769640479360852 0.2709726962457338 0.25033288948069243
12 0.7179692832764506 0.2569906790945406 0.3254863481228669 0.3169107856191744
12 0.8689078498293515 0.1904127829560586 0.2621843003412969 0.3808255659121172
12 0.1429948805460751 0.15446071904127828 0.23016211604095563 0.20772303595206393
12 0.29996587030716726 0.09054593874833555 0.18232935153583618 0.1810918774966711
12 0.48679180887372014 0.08921438082556592 0.19419795221843003 0.17842876165113183
12 0.49269624573378845 0.8277363515312917 0.30925767918088737 0.3445406125166445
12 0.261919795221843 0.8517043941411452 0.24020477815699656 0.2966045272969374