14 0.47450000000000003 0.4 0.2891625 0.35
14 0.8056874999999999 0.24444166666666664 0.27237500000000003 0.36666666666666664
14 0.4334625 0.10139166666666667 0.25126875 0.202775
14 0.13773125 0.3263916666666667 0.2754625 0.38055833333333333
14 0.22036874999999997 0.7791666666666667 0.38090625 0.4361083333333334
14 0.8015125000000001 0.7186083333333334 0.36819375 0.46277500000000005
14 0.5182375 0.782225 0.27581875 0.42555000000000004
14 0.7140375 0.48472499999999996 0.25575 0.21389166666666667
14 0.6026125 0.25416666666666665 0.1703875 0.25277499999999997
14 0.33266249999999997 0.3125 0.168825 0.2361083333333333
14 0.25274375 0.5409583333333333 0.2736125 0.20525000000000002