14 0.4935111111111111 0.30215 0.19 0.29381666666666667
14 0.5934111111111111 0.5145166666666666 0.19837777777777776 0.30238333333333334
14 0.6526111111111111 0.7527333333333334 0.18154444444444442 0.23785
14 0.7862444444444444 0.6716666666666666 0.17451111111111112 0.25189999999999996
14 0.7221222222222222 0.4472666666666667 0.1796111111111111 0.3197666666666667
14 0.2899777777777778 0.6033333333333334 0.16293333333333332 0.2819
14 0.3963111111111111 0.46523333333333333 0.16606666666666667 0.2152333333333333
14 0.44708888888888887 0.6831 0.19144444444444444 0.29381666666666667
14 0.6208888888888888 0.34476666666666667 0.059666666666666666 0.11715
14 0.8639222222222221 0.11318333333333333 0.12451111111111111 0.10719999999999999
14 0.3935444444444444 0.30591666666666667 0.05876666666666667 0.11516666666666665