14 0.20591875 0.6345833333333334 0.305075 0.3516666666666667
14 0.72505 0.67375 0.33646875000000004 0.41333333333333333
14 0.7100624999999999 0.16520833333333335 0.20649375 0.23375
14 0.5080625 0.155 0.20561875000000002 0.20083333333333334
14 0.3054375 0.1875 0.21599374999999998 0.18916666666666668
14 0.24059999999999998 0.3670833333333333 0.28319375 0.21666666666666667
14 0.46556875 0.48604166666666665 0.20813125 0.25875
14 0.6658499999999999 0.40041666666666664 0.2274375 0.21666666666666667
14 0.4747875 0.31083333333333335 0.2171875 0.1625
14 0.88934375 0.53625 0.22130624999999998 0.305
14 0.8556625 0.32479166666666665 0.2351875 0.22791666666666666
14 0.439 0.7522916666666667 0.3712375 0.3129166666666667