14 0.5448578199052133 0.41211555555555557 0.16610189573459716 0.11354666666666666
14 0.37631516587677727 0.4474666666666666 0.16777251184834122 0.11395555555555555
14 0.3178909952606635 0.5638311111111111 0.17643364928909952 0.11758222222222223
14 0.6739454976303317 0.49444444444444446 0.1620260663507109 0.1250488888888889
14 0.4972037914691943 0.5238400000000001 0.17097156398104266 0.11838222222222222
14 0.6614336492890995 0.6107111111111111 0.15045023696682466 0.10546666666666667
14 0.6182582938388625 0.7168355555555556 0.13251184834123222 0.10479111111111111
14 0.46404028436018957 0.7429066666666666 0.15581753554502367 0.11288
14 0.3437440758293839 0.6803911111111112 0.16080568720379146 0.11558222222222223
14 0.5181635071090047 0.6325777777777778 0.14359004739336492 0.10679111111111111
14 0.768696682464455 0.5867111111111111 0.11122037914691944 0.11903999999999999
14 0.42661137440758296 0.6118844444444445 0.1418957345971564 0.09828444444444444