27 0.2661538461538462 0.2111375 0.319437148217636 0.26954999999999996
27 0.5578048780487805 0.235 0.3130018761726079 0.247275
27 0.6913696060037523 0.132725 0.38358348968105066 0.182725
27 0.9053846153846153 0.1275 0.18923076923076923 0.222275
27 0.5044465290806754 0.44408749999999997 0.26320825515947466 0.22545
27 0.6983677298311445 0.39375 0.3921200750469043 0.230225
27 0.865797373358349 0.4701125 0.26840525328330206 0.1975
27 0.3574108818011257 0.7118125000000001 0.28433395872420264 0.2590875
27 0.5137898686679175 0.621475 0.3341838649155722 0.274775
27 0.7693245778611633 0.6230625 0.3102251407129456 0.2415875
27 0.5766228893058161 0.86045 0.3099812382739212 0.2218125
27 0.7843527204502815 0.8438625000000001 0.2201500938086304 0.225