12 0.245419921875 0.5946922024623803 0.13619140625 0.24430916552667578
12 0.455390625 0.1912859097127223 0.201220703125 0.2047606019151847
12 0.78376953125 0.2323392612859097 0.3862890625 0.45846785225718195
12 0.752939453125 0.7283036935704514 0.44966796875 0.5115184678522572
12 0.212861328125 0.8348837209302324 0.233193359375 0.14789329685362518
12 0.05970703125 0.811641586867305 0.095576171875 0.13969904240766073
12 0.055009765625 0.6887004103967168 0.097880859375 0.10722298221614227
12 0.148935546875 0.6538987688098495 0.0982421875 0.09232558139534883
12 0.3612109375 0.056511627906976745 0.17513671875 0.09043775649794801
12 0.185517578125 0.06246238030095759 0.171396484375 0.11331053351573186
12 0.129931640625 0.22555403556771544 0.200869140625 0.2096580027359781