27 0.8588628472222222 0.8986487268518518 0.28227430555555555 0.20270543981481481
27 0.5515364583333333 0.9073292824074074 0.27526475694444447 0.18534432870370368
27 0.20190104166666667 0.9174565972222223 0.3051605902777778 0.16508969907407406
27 0.34948784722222226 0.7463975694444445 0.28783854166666667 0.1701909722222222
27 0.6239105902777777 0.6519618055555555 0.31783854166666664 0.19228877314814813
27 0.8881163194444445 0.6380208333333334 0.214765625 0.18544849537037036
27 0.15486979166666667 0.6569589120370369 0.30973958333333335 0.24016203703703703
27 0.2586805555555556 0.45849247685185185 0.3451649305555555 0.17992476851851855
27 0.15829427083333333 0.2814612268518519 0.27870659722222224 0.1751880787037037
27 0.21744791666666666 0.0847019675925926 0.2626996527777778 0.16940104166666667
27 0.7520052083333333 0.070234375 0.2595355902777778 0.14046585648148147
27 0.4962934027777778 0.17190104166666667 0.30366319444444445 0.19176215277777778
27 0.83171875 0.22924479166666667 0.24535156249999998 0.14651620370370372
27 0.843671875 0.43271122685185187 0.31265625 0.16203703703703703
27 0.5627821180555556 0.40088252314814815 0.2717144097222222 0.23726851851851852