14 0.42011764705882354 0.5199623588456713 0.14986764705882352 0.12445420326223337
14 0.7051470588235295 0.3739021329987453 0.15525 0.11543287327478043
14 0.872764705882353 0.4353826850690088 0.1728235294117647 0.11794228356336262
14 0.7286764705882353 0.48431618569636137 0.12583823529411764 0.0903387703889586
14 0.589 0.437892095357591 0.14058823529411762 0.11292346298619825
14 0.2964117647058824 0.5721455457967378 0.16716176470588234 0.10037641154328733
14 0.2957941176470588 0.6919573400250941 0.18948529411764706 0.13652446675031368
14 0.8168970588235295 0.8221706398996236 0.19638235294117645 0.13232120451693852
14 0.465485294117647 0.7741530740276035 0.15827941176470586 0.13801756587202008
14 0.6326323529411765 0.820577164366374 0.18855882352941175 0.11543287327478043
14 0.5419411764705883 0.6524466750313677 0.18176470588235294 0.13048933500627352
14 0.5845882352941176 0.5407779171894604 0.1552941176470588 0.12797992471769135
14 0.7463235294117647 0.7038895859473023 0.17876470588235294 0.12296110414052698
14 0.8021911764705882 0.6097867001254705 0.1552058823529412 0.13048933500627352
14 0.9314117647058824 0.6499372647427855 0.1371764705882353 0.12547051442910917
14 0.9581029411764705 0.7888456712672522 0.08379411764705882 0.16762860727728984
14 0.8575882352941177 0.5206148055207026 0.16026470588235295 0.12849435382685068
14 0.9774558823529411 0.5565746549560853 0.04510294117647059 0.06840652446675032